660571
843370
240011
699563
694756
431365
172269
819583
242968
278725
973092
944770
760826
319924
304861
623804
357532
993092
849354
912736
719514
139432
164821
666725
59720
983759
836109
635408
544597
657024
388896
975550
401527
312524
425376
664381
781581
131410
635206
178909
17369
470830
345492
97102
101184
449792
961856
360319
137331
647384
154116
198553
689983
254410
882596
687168
960539
749481
872616
955963
568486
403159
220115
431227
427024
420669
299846
947998
92991
168468
906957
416817
822112
191675
979268
536721
424491
353549
375757
227795
378081
611691
805742
640273
806350
546455
919816
702587
862021
883424
227032
920228
622458
894822
365532
951783
356902
100048
578432
597210
